/batch
/config,noeldb,1     ! force off writing results to database
*get,_wallstrt,active,,time,wall
! ANSYS input file written by Workbench version 2025 R2
! File used for geometry attach: C:\Users\FRIED\Documents\study\simulation\likdn-pro\triagle-sim\triangle-sim_files\dp0\SYS-2\DM\SYS-2.agdb
/title,triangle-sim--Static Structural (C5)
! ****** Begin Custom Load Command Snippet ******
/COM, ACT Extensions:
/COM,     LSDYNA, 2025.2
/COM,     5f463412-bd3e-484b-87e7-cbc0a665e474, wbex
/COM,/COM,     ANSYSMotion, 2025.2
/COM,     20180725-3f81-49eb-9f31-41364844c769, wbex
/COM,
! ****** End   Custom Load Command Snippet ******
*DIM,_wb_ProjectScratch_dir,string,248
_wb_ProjectScratch_dir(1) = 'C:\Users\FRIED\Documents\study\simulation\likdn-pro\triagle-sim\_ProjectScratch\ScrB379\'
*DIM,_wb_SolverFiles_dir,string,248
_wb_SolverFiles_dir(1) = 'C:\Users\FRIED\Documents\study\simulation\likdn-pro\triagle-sim\triangle-sim_files\dp0\SYS-2\MECH\'
*DIM,_wb_userfiles_dir,string,248
_wb_userfiles_dir(1) = 'C:\Users\FRIED\Documents\study\simulation\likdn-pro\triagle-sim\triangle-sim_files\user_files\'
/com,--- Data in consistent NMM units. See Solving Units in the help system for more information.
/units,MPA
/nopr
/wb,file,start              !  signify a WB generated input file
/prep7
! Turn off shape checking because checks already performed inside WB mesher.
! See help system for more information.
SHPP,OFF,,NOWARN
/nolist
etcon,set             ! allow ANSYS to choose best KEYOP's for 180x elements, resets any applicable keyopt to MAPDL defaults
/com,*********** Send User Defined Coordinate System(s) ***********
csys,0
/com,*********** Nodes for the whole assembly ***********
nblock,3,,876
(1i9,3e20.9e3)
        1     7.367960069E+01     8.380155324E+00     0.000000000E+00
        2     6.063678790E+01     7.257147355E+00     0.000000000E+00
        3     4.709714470E+01     5.092290130E+00     0.000000000E+00
        4     3.406311761E+01     4.152804676E+00     0.000000000E+00
        5     2.250325544E+01     1.958922251E+01     0.000000000E+00
        6    -2.646104845E+00     4.395296076E+01     0.000000000E+00
        7    -1.032800696E+01     5.278857301E+01     0.000000000E+00
        8    -1.845306721E+01     6.185614102E+01     0.000000000E+00
        9    -2.651582047E+01     7.125357926E+01     0.000000000E+00
       10     8.702341038E+01    -1.088675010E+01     0.000000000E+00
       11     8.678654931E+01     9.313891889E+00     0.000000000E+00
       12    -1.838353634E+01    -6.127084781E+01     0.000000000E+00
       13    -9.513504375E+00    -5.218877346E+01     0.000000000E+00
       14    -1.230509987E-01    -4.404073809E+01     0.000000000E+00
       15     9.549001910E+00    -3.661456883E+01     0.000000000E+00
       16     2.184927971E+01    -2.971002136E+01     0.000000000E+00
       17     3.442173008E+01    -2.373184082E+01     0.000000000E+00
       18     4.860429788E+01    -1.843606991E+01     0.000000000E+00
       19     6.148164148E+01    -1.493735945E+01     0.000000000E+00
       20     7.421156572E+01    -1.251773280E+01     0.000000000E+00
       21    -5.271726178E+01    -7.085192531E+01     0.000000000E+00
       22    -4.353699575E+01    -7.564939031E+01     0.000000000E+00
       23    -4.592288960E+01     6.089952704E+01     0.000000000E+00
       24    -3.956615177E+01     5.130402512E+01     0.000000000E+00
       25    -3.357942400E+01     4.165391185E+01     0.000000000E+00
       26    -2.569202804E+01     3.103679013E+01     0.000000000E+00
       27    -3.356912807E+01     1.278287510E+01     0.000000000E+00
       28    -3.738483745E+01    -1.871714899E+00     0.000000000E+00
       29    -3.332623527E+01    -2.900436754E+01     0.000000000E+00
       30    -4.149182491E+01    -4.915977266E+01     0.000000000E+00
       31    -4.693856899E+01    -6.013643477E+01     0.000000000E+00
       32    -2.833485761E+01    -5.157679194E+00     0.000000000E+00
       33    -2.358201313E+01    -1.610425040E+01     0.000000000E+00
       34    -1.487838060E+01    -2.940578921E+01     0.000000000E+00
       35     1.461186710E+01    -2.162768530E+01     0.000000000E+00
       36     2.803118662E+01    -1.416883869E+01     0.000000000E+00
       37     8.158369680E+00     3.182461007E+01     0.000000000E+00
       38    -3.574204807E+00     2.881242261E+01     0.000000000E+00
       39    -1.707556746E+01     2.505018238E+01     0.000000000E+00
       40    -3.416877521E+01     8.116152228E+01     0.000000000E+00
       41    -4.320836770E+01     7.595240931E+01     0.000000000E+00
       42     4.528524513E+01    -7.122666819E+00     0.000000000E+00
       43     7.332310284E+01    -1.894760064E+00     0.000000000E+00
       44    -2.918360101E+01     5.591975902E+01     0.000000000E+00
       45    -3.634022670E+01     6.570948452E+01     0.000000000E+00
       46    -2.659181057E+01    -7.091331753E+01     0.000000000E+00
       47    -3.685323086E+01    -6.478067808E+01     0.000000000E+00
       48    -3.019693454E+01    -5.385774026E+01     0.000000000E+00
       49    -2.229833928E+01    -4.140015371E+01     0.000000000E+00
       50     5.982150941E+01    -3.827549778E+00     0.000000000E+00
       51    -2.189794205E+01     4.630904077E+01     0.000000000E+00
       52    -5.217994833E+01     7.119516020E+01     0.000000000E+00
       53     8.653014640E+01    -5.571196258E-01     0.000000000E+00
       54    -4.153699412E+01    -1.122543014E+01     0.000000000E+00
       55    -3.794463709E+01    -1.817632472E+01     0.000000000E+00
       56    -3.426000248E+01    -8.103526523E+01     0.000000000E+00
       57    -2.458888412E+01     1.184403682E+01     0.000000000E+00
       58     2.391122380E+00    -2.717411584E+01     0.000000000E+00
       59    -1.380011855E+01     3.737118788E+01     0.000000000E+00
       60    -1.380011855E+01     3.737118788E+01     1.000000000E+01
       61     2.391122380E+00    -2.717411584E+01     1.000000000E+01
       62    -2.458888412E+01     1.184403682E+01     1.000000000E+01
       63    -3.426000248E+01    -8.103526523E+01     1.000000000E+01
       64    -3.794463709E+01    -1.817632472E+01     1.000000000E+01
       65    -4.153699412E+01    -1.122543014E+01     1.000000000E+01
       66     8.653014640E+01    -5.571196258E-01     1.000000000E+01
       67    -5.217994833E+01     7.119516020E+01     1.000000000E+01
       68    -2.189794205E+01     4.630904077E+01     1.000000000E+01
       69     5.982150941E+01    -3.827549778E+00     1.000000000E+01
       70    -2.229833928E+01    -4.140015371E+01     1.000000000E+01
       71    -3.019693454E+01    -5.385774026E+01     1.000000000E+01
       72    -3.685323086E+01    -6.478067808E+01     1.000000000E+01
       73    -2.659181057E+01    -7.091331753E+01     1.000000000E+01
       74    -3.634022670E+01     6.570948452E+01     1.000000000E+01
       75    -2.918360101E+01     5.591975902E+01     1.000000000E+01
       76     7.332310284E+01    -1.894760064E+00     1.000000000E+01
       77     4.528524513E+01    -7.122666819E+00     1.000000000E+01
       78    -4.320836770E+01     7.595240931E+01     1.000000000E+01
       79    -3.416877521E+01     8.116152228E+01     1.000000000E+01
       80    -1.707556746E+01     2.505018238E+01     1.000000000E+01
       81    -3.574204807E+00     2.881242261E+01     1.000000000E+01
       82     8.158369680E+00     3.182461007E+01     1.000000000E+01
       83     2.803118662E+01    -1.416883869E+01     1.000000000E+01
       84     1.461186710E+01    -2.162768530E+01     1.000000000E+01
       85    -1.487838060E+01    -2.940578921E+01     1.000000000E+01
       86    -2.358201313E+01    -1.610425040E+01     1.000000000E+01
       87    -2.833485761E+01    -5.157679194E+00     1.000000000E+01
       88    -4.693856899E+01    -6.013643477E+01     1.000000000E+01
       89    -4.149182491E+01    -4.915977266E+01     1.000000000E+01
       90    -3.332623527E+01    -2.900436754E+01     1.000000000E+01
       91    -3.738483745E+01    -1.871714899E+00     1.000000000E+01
       92    -3.356912807E+01     1.278287510E+01     1.000000000E+01
       93    -2.569202804E+01     3.103679013E+01     1.000000000E+01
       94    -3.357942400E+01     4.165391185E+01     1.000000000E+01
       95    -3.956615177E+01     5.130402512E+01     1.000000000E+01
       96    -4.592288960E+01     6.089952704E+01     1.000000000E+01
       97    -4.353699575E+01    -7.564939031E+01     1.000000000E+01
       98    -5.271726178E+01    -7.085192531E+01     1.000000000E+01
       99     7.421156572E+01    -1.251773280E+01     1.000000000E+01
      100     6.148164148E+01    -1.493735945E+01     1.000000000E+01
      101     4.860429788E+01    -1.843606991E+01     1.000000000E+01
      102     3.442173008E+01    -2.373184082E+01     1.000000000E+01
      103     2.184927971E+01    -2.971002136E+01     1.000000000E+01
      104     9.549001910E+00    -3.661456883E+01     1.000000000E+01
      105    -1.230509987E-01    -4.404073809E+01     1.000000000E+01
      106    -9.513504375E+00    -5.218877346E+01     1.000000000E+01
      107    -1.838353634E+01    -6.127084781E+01     1.000000000E+01
      108     8.678654931E+01     9.313891889E+00     1.000000000E+01
      109     8.702341038E+01    -1.088675010E+01     1.000000000E+01
      110    -2.651582047E+01     7.125357926E+01     1.000000000E+01
      111    -1.845306721E+01     6.185614102E+01     1.000000000E+01
      112    -1.032800696E+01     5.278857301E+01     1.000000000E+01
      113    -2.646104845E+00     4.395296076E+01     1.000000000E+01
      114     2.250325544E+01     1.958922251E+01     1.000000000E+01
      115     3.406311761E+01     4.152804676E+00     1.000000000E+01
      116     4.709714470E+01     5.092290130E+00     1.000000000E+01
      117     6.063678790E+01     7.257147355E+00     1.000000000E+01
      118     7.367960069E+01     8.380155324E+00     1.000000000E+01
      119    -5.866025404E+01     8.160254038E+01     1.000000000E+01
      120    -5.000000000E+01     8.660254038E+01     1.000000000E+01
      121    -4.133974596E+01     9.160254038E+01     1.000000000E+01
      122    -1.219753737E+01     2.112675444E+01     1.000000000E+01
      123    -1.649156498E+00     2.078608391E+01     1.000000000E+01
      124     8.397459622E+00     1.454482672E+01     1.000000000E+01
      125     1.882585496E+01     8.964830535E+00     1.000000000E+01
      126     2.439507473E+01     2.428612866E-14     1.000000000E+01
      127     1.882585496E+01    -8.964830535E+00     1.000000000E+01
      128     8.397459622E+00    -1.454482672E+01     1.000000000E+01
      129    -1.649156498E+00    -2.078608391E+01     1.000000000E+01
      130    -1.219753737E+01    -2.112675444E+01     1.000000000E+01
      131    -1.717669847E+01    -1.182125338E+01     1.000000000E+01
      132    -1.717669847E+01     1.182125338E+01     1.000000000E+01
      133    -1.679491924E+01     1.734723476E-14     1.000000000E+01
      134    -6.196699183E+01    -6.647319329E+01     1.000000000E+01
      135    -5.738541216E+01    -5.597210114E+01     1.000000000E+01
      136    -5.360139112E+01    -4.515799030E+01     1.000000000E+01
      137    -5.063609048E+01    -3.409133766E+01     1.000000000E+01
      138    -4.850609341E+01    -2.283403243E+01     1.000000000E+01
      139    -4.722331172E+01    -1.144903002E+01     1.000000000E+01
      140    -4.679491924E+01    -2.775557562E-14     1.000000000E+01
      141    -4.722331172E+01     1.144903002E+01     1.000000000E+01
      142    -4.850609341E+01     2.283403243E+01     1.000000000E+01
      143    -5.063609048E+01     3.409133766E+01     1.000000000E+01
      144    -5.360139112E+01     4.515799030E+01     1.000000000E+01
      145    -5.738541216E+01     5.597210114E+01     1.000000000E+01
      146    -6.732050808E+01     7.660254038E+01     1.000000000E+01
      147    -6.196699183E+01     6.647319329E+01     1.000000000E+01
      148    -4.133974596E+01    -9.160254038E+01     1.000000000E+01
      149    -5.000000000E+01    -8.660254038E+01     1.000000000E+01
      150    -5.866025404E+01    -8.160254038E+01     1.000000000E+01
      151    -6.732050808E+01    -7.660254038E+01     1.000000000E+01
      152     8.767211284E+01    -2.049679687E+01     1.000000000E+01
      153     7.542417676E+01    -2.198396556E+01     1.000000000E+01
      154     6.333562433E+01    -2.445186121E+01     1.000000000E+01
      155     5.148485444E+01    -2.788447857E+01     1.000000000E+01
      156     3.994872388E+01    -3.225955580E+01     1.000000000E+01
      157     2.880204890E+01    -3.754871884E+01     1.000000000E+01
      158     1.811711995E+01    -4.371766545E+01     1.000000000E+01
      159     7.963232893E+00    -5.072638763E+01     1.000000000E+01
      160    -1.593760408E+00    -5.852943114E+01     1.000000000E+01
      161    -1.049187919E+01    -6.707619024E+01     1.000000000E+01
      162    -1.867341573E+01    -7.631123591E+01     1.000000000E+01
      163    -3.267949192E+01    -9.660254038E+01     1.000000000E+01
      164    -2.608530964E+01    -8.617467536E+01     1.000000000E+01
      165     1.000000000E+02     1.000000000E+01     1.000000000E+01
      166     1.000000000E+02     6.938893904E-15     1.000000000E+01
      167     1.000000000E+02    -1.000000000E+01     1.000000000E+01
      168     1.000000000E+02    -2.000000000E+01     1.000000000E+01
      169    -3.267949192E+01     9.660254038E+01     1.000000000E+01
      170    -2.608530964E+01     8.617467536E+01     1.000000000E+01
      171    -1.867341573E+01     7.631123591E+01     1.000000000E+01
      172    -1.049187919E+01     6.707619024E+01     1.000000000E+01
      173    -1.593760408E+00     5.852943114E+01     1.000000000E+01
      174     7.963232893E+00     5.072638763E+01     1.000000000E+01
      175     1.811711995E+01     4.371766545E+01     1.000000000E+01
      176     2.880204890E+01     3.754871884E+01     1.000000000E+01
      177     3.994872388E+01     3.225955580E+01     1.000000000E+01
      178     5.148485444E+01     2.788447857E+01     1.000000000E+01
      179     6.333562433E+01     2.445186121E+01     1.000000000E+01
      180     7.542417676E+01     2.198396556E+01     1.000000000E+01
      181     1.000000000E+02     2.000000000E+01     1.000000000E+01
      182     8.767211284E+01     2.049679687E+01     1.000000000E+01
      183    -2.608530964E+01     8.617467536E+01     0.000000000E+00
      184    -3.267949192E+01     9.660254038E+01     0.000000000E+00
      185    -1.867341573E+01     7.631123591E+01     0.000000000E+00
      186    -1.049187919E+01     6.707619024E+01     0.000000000E+00
      187    -1.593760408E+00     5.852943114E+01     0.000000000E+00
      188     7.963232893E+00     5.072638763E+01     0.000000000E+00
      189     1.811711995E+01     4.371766545E+01     0.000000000E+00
      190     2.880204890E+01     3.754871884E+01     0.000000000E+00
      191     3.994872388E+01     3.225955580E+01     0.000000000E+00
      192     5.148485444E+01     2.788447857E+01     0.000000000E+00
      193     6.333562433E+01     2.445186121E+01     0.000000000E+00
      194     7.542417676E+01     2.198396556E+01     0.000000000E+00
      195     8.767211284E+01     2.049679687E+01     0.000000000E+00
      196     1.000000000E+02     2.000000000E+01     0.000000000E+00
      197     1.000000000E+02    -1.000000000E+01     0.000000000E+00
      198     1.000000000E+02     6.938893904E-15     0.000000000E+00
      199     1.000000000E+02     1.000000000E+01     0.000000000E+00
      200     1.000000000E+02    -2.000000000E+01     0.000000000E+00
      201     8.767211284E+01    -2.049679687E+01     0.000000000E+00
      202     7.542417676E+01    -2.198396556E+01     0.000000000E+00
      203     6.333562433E+01    -2.445186121E+01     0.000000000E+00
      204     5.148485444E+01    -2.788447857E+01     0.000000000E+00
      205     3.994872388E+01    -3.225955580E+01     0.000000000E+00
      206     2.880204890E+01    -3.754871884E+01     0.000000000E+00
      207     1.811711995E+01    -4.371766545E+01     0.000000000E+00
      208     7.963232893E+00    -5.072638763E+01     0.000000000E+00
      209    -1.593760408E+00    -5.852943114E+01     0.000000000E+00
      210    -1.049187919E+01    -6.707619024E+01     0.000000000E+00
      211    -1.867341573E+01    -7.631123591E+01     0.000000000E+00
      212    -2.608530964E+01    -8.617467536E+01     0.000000000E+00
      213    -3.267949192E+01    -9.660254038E+01     0.000000000E+00
      214    -5.866025404E+01    -8.160254038E+01     0.000000000E+00
      215    -5.000000000E+01    -8.660254038E+01     0.000000000E+00
      216    -4.133974596E+01    -9.160254038E+01     0.000000000E+00
      217    -6.732050808E+01    -7.660254038E+01     0.000000000E+00
      218    -6.196699183E+01    -6.647319329E+01     0.000000000E+00
      219    -5.738541216E+01    -5.597210114E+01     0.000000000E+00
      220    -5.360139112E+01    -4.515799030E+01     0.000000000E+00
      221    -5.063609048E+01    -3.409133766E+01     0.000000000E+00
      222    -4.850609341E+01    -2.283403243E+01     0.000000000E+00
      223    -4.722331172E+01    -1.144903002E+01     0.000000000E+00
      224    -4.679491924E+01    -2.775557562E-14     0.000000000E+00
      225    -4.722331172E+01     1.144903002E+01     0.000000000E+00
      226    -4.850609341E+01     2.283403243E+01     0.000000000E+00
      227    -5.063609048E+01     3.409133766E+01     0.000000000E+00
      228    -5.360139112E+01     4.515799030E+01     0.000000000E+00
      229    -5.738541216E+01     5.597210114E+01     0.000000000E+00
      230    -6.196699183E+01     6.647319329E+01     0.000000000E+00
      231    -6.732050808E+01     7.660254038E+01     0.000000000E+00
      232    -1.679491924E+01     1.734723476E-14     0.000000000E+00
      233    -1.717669847E+01    -1.182125338E+01     0.000000000E+00
      234    -1.717669847E+01     1.182125338E+01     0.000000000E+00
      235    -1.219753737E+01    -2.112675444E+01     0.000000000E+00
      236    -1.649156498E+00    -2.078608391E+01     0.000000000E+00
      237     8.397459622E+00    -1.454482672E+01     0.000000000E+00
      238     1.882585496E+01    -8.964830535E+00     0.000000000E+00
      239     2.439507473E+01     2.428612866E-14     0.000000000E+00
      240     1.882585496E+01     8.964830535E+00     0.000000000E+00
      241     8.397459622E+00     1.454482672E+01     0.000000000E+00
      242    -1.649156498E+00     2.078608391E+01     0.000000000E+00
      243    -1.219753737E+01     2.112675444E+01     0.000000000E+00
      244    -4.133974596E+01     9.160254038E+01     0.000000000E+00
      245    -5.000000000E+01     8.660254038E+01     0.000000000E+00
      246    -5.866025404E+01     8.160254038E+01     0.000000000E+00
      247     6.715819429E+01     7.818651340E+00     0.000000000E+00
      248     8.023307500E+01     8.847023606E+00     0.000000000E+00
      249     7.350135176E+01     3.242697630E+00     0.000000000E+00
      250     7.367960069E+01     8.380155324E+00     5.000000000E+00
      251     7.455188872E+01     1.518206044E+01     0.000000000E+00
      252     5.386696630E+01     6.174718742E+00     0.000000000E+00
      253     6.022914865E+01     1.714798788E+00     0.000000000E+00
      254     6.063678790E+01     7.257147355E+00     5.000000000E+00
      255     6.198620611E+01     1.585450428E+01     0.000000000E+00
      256     4.058013116E+01     4.622547403E+00     0.000000000E+00
      257     4.619119492E+01    -1.015188345E+00     0.000000000E+00
      258     4.709714470E+01     5.092290130E+00     5.000000000E+00
      259     4.929099957E+01     1.648838435E+01     0.000000000E+00
      260     2.828318652E+01     1.187101359E+01     0.000000000E+00
      261     3.104715212E+01    -5.008017006E+00     0.000000000E+00
      262     3.406311761E+01     4.152804676E+00     5.000000000E+00
      263     3.700592075E+01     1.820618024E+01     0.000000000E+00
      264     2.922909617E+01     2.076402338E+00     0.000000000E+00
      265     1.533081256E+01     2.570691629E+01     0.000000000E+00
      266     2.250325544E+01     1.958922251E+01     5.000000000E+00
      267     2.565265217E+01     2.856897067E+01     0.000000000E+00
      268     2.066455520E+01     1.427702652E+01     0.000000000E+00
      269    -6.487055905E+00     4.837076689E+01     0.000000000E+00
      270     2.756132418E+00     3.788878542E+01     0.000000000E+00
      271    -8.223111696E+00     4.066207432E+01     0.000000000E+00
      272    -2.646104845E+00     4.395296076E+01     5.000000000E+00
      273     2.658564024E+00     4.733967420E+01     0.000000000E+00
      274    -1.439053709E+01     5.732235701E+01     0.000000000E+00
      275    -1.611297451E+01     4.954880689E+01     0.000000000E+00
      276    -1.032800696E+01     5.278857301E+01     5.000000000E+00
      277    -5.960883686E+00     5.565900207E+01     0.000000000E+00
      278    -2.248444384E+01     6.655486014E+01     0.000000000E+00
      279    -2.381833411E+01     5.888795002E+01     0.000000000E+00
      280    -1.845306721E+01     6.185614102E+01     5.000000000E+00
      281    -1.447247320E+01     6.446616563E+01     0.000000000E+00
      282    -3.034229784E+01     7.620755077E+01     0.000000000E+00
      283    -3.142802358E+01     6.848153189E+01     0.000000000E+00
      284    -2.651582047E+01     7.125357926E+01     5.000000000E+00
      285    -2.259461810E+01     7.378240759E+01     0.000000000E+00
      286     8.061748805E+01    -1.170224145E+01     0.000000000E+00
      287     8.677677839E+01    -5.721934865E+00     0.000000000E+00
      288     8.702341038E+01    -1.088675010E+01     5.000000000E+00
      289     9.351170519E+01    -1.044337505E+01     0.000000000E+00
      290     8.734776161E+01    -1.569177349E+01     0.000000000E+00
      291     8.665834786E+01     4.378386131E+00     0.000000000E+00
      292     8.678654931E+01     9.313891889E+00     5.000000000E+00
      293     8.722933108E+01     1.490534438E+01     0.000000000E+00
      294     9.339327466E+01     9.656945944E+00     0.000000000E+00
      295    -1.394852036E+01    -5.672981063E+01     0.000000000E+00
      296    -2.248767346E+01    -6.609208267E+01     0.000000000E+00
      297    -2.429023544E+01    -5.756429403E+01     0.000000000E+00
      298    -1.838353634E+01    -6.127084781E+01     5.000000000E+00
      299    -1.443770777E+01    -6.417351902E+01     0.000000000E+00
      300    -4.818277687E+00    -4.811475577E+01     0.000000000E+00
      301    -1.590592183E+01    -4.679446358E+01     0.000000000E+00
      302    -9.513504375E+00    -5.218877346E+01     5.000000000E+00
      303    -5.553632391E+00    -5.535910230E+01     0.000000000E+00
      304     4.712975456E+00    -4.032765346E+01     0.000000000E+00
      305    -7.500715797E+00    -3.672326365E+01     0.000000000E+00
      306    -1.230509987E-01    -4.404073809E+01     5.000000000E+00
      307     3.920090947E+00    -4.738356286E+01     0.000000000E+00
      308     1.569914081E+01    -3.316229509E+01     0.000000000E+00
      309     5.970062145E+00    -3.189434234E+01     0.000000000E+00
      310     9.549001910E+00    -3.661456883E+01     5.000000000E+00
      311     1.383306093E+01    -4.016611714E+01     0.000000000E+00
      312     2.813550490E+01    -2.672093109E+01     0.000000000E+00
      313     1.823057341E+01    -2.566885333E+01     0.000000000E+00
      314     2.184927971E+01    -2.971002136E+01     5.000000000E+00
      315     2.532566431E+01    -3.362937010E+01     0.000000000E+00
      316     4.151301398E+01    -2.108395537E+01     0.000000000E+00
      317     3.122645835E+01    -1.895033975E+01     0.000000000E+00
      318     3.442173008E+01    -2.373184082E+01     5.000000000E+00
      319     3.718522698E+01    -2.799569831E+01     0.000000000E+00
      320     5.504296968E+01    -1.668671468E+01     0.000000000E+00
      321     4.694477151E+01    -1.277936837E+01     0.000000000E+00
      322     4.860429788E+01    -1.843606991E+01     5.000000000E+00
      323     5.004457616E+01    -2.316027424E+01     0.000000000E+00
      324     6.784660360E+01    -1.372754612E+01     0.000000000E+00
      325     6.065157544E+01    -9.382454612E+00     0.000000000E+00
      326     6.148164148E+01    -1.493735945E+01     5.000000000E+00
      327     6.240863290E+01    -1.969461033E+01     0.000000000E+00
      328     7.376733428E+01    -7.206246430E+00     0.000000000E+00
      329     7.421156572E+01    -1.251773280E+01     5.000000000E+00
      330     7.481787124E+01    -1.725084918E+01     0.000000000E+00
      331    -4.812712877E+01    -7.325065781E+01     0.000000000E+00
      332    -4.982791538E+01    -6.549418004E+01     0.000000000E+00
      333    -5.271726178E+01    -7.085192531E+01     5.000000000E+00
      334    -5.568875791E+01    -7.622723284E+01     0.000000000E+00
      335    -5.734212681E+01    -6.866255930E+01     0.000000000E+00
      336    -4.019511331E+01    -7.021503419E+01     0.000000000E+00
      337    -3.889849912E+01    -7.834232777E+01     0.000000000E+00
      338    -4.353699575E+01    -7.564939031E+01     5.000000000E+00
      339    -4.676849788E+01    -8.112596534E+01     0.000000000E+00
      340    -4.274452068E+01     5.610177608E+01     0.000000000E+00
      341    -4.113155815E+01     6.330450578E+01     0.000000000E+00
      342    -4.905141896E+01     6.604734362E+01     0.000000000E+00
      343    -4.592288960E+01     6.089952704E+01     5.000000000E+00
      344    -5.165415088E+01     5.843581409E+01     0.000000000E+00
      345    -3.657278788E+01     4.647896849E+01     0.000000000E+00
      346    -3.437487639E+01     5.361189207E+01     0.000000000E+00
      347    -3.956615177E+01     5.130402512E+01     5.000000000E+00
      348    -4.658377144E+01     4.823100771E+01     0.000000000E+00
      349    -2.963572602E+01     3.634535099E+01     0.000000000E+00
      350    -2.773868302E+01     4.398147631E+01     0.000000000E+00
      351    -3.357942400E+01     4.165391185E+01     5.000000000E+00
      352    -4.210775724E+01     3.787262475E+01     0.000000000E+00
      353    -2.963057806E+01     2.190983261E+01     0.000000000E+00
      354    -2.138379775E+01     2.804348626E+01     0.000000000E+00
      355    -1.974607329E+01     3.420398900E+01     0.000000000E+00
      356    -2.569202804E+01     3.103679013E+01     5.000000000E+00
      357    -3.709906073E+01     2.693541128E+01     0.000000000E+00
      358    -3.547698276E+01     5.455580100E+00     0.000000000E+00
      359    -2.907900610E+01     1.231345596E+01     0.000000000E+00
      360    -3.356912807E+01     1.278287510E+01     5.000000000E+00
      361    -4.039621990E+01     1.211595256E+01     0.000000000E+00
      362    -3.285984753E+01    -3.514697047E+00     0.000000000E+00
      363    -3.946091578E+01    -6.548572518E+00     0.000000000E+00
      364    -3.738483745E+01    -1.871714899E+00     5.000000000E+00
      365    -4.208987834E+01    -9.358574495E-01     0.000000000E+00
      366    -3.740903009E+01    -3.908207010E+01     0.000000000E+00
      367    -2.845412420E+01    -2.255430897E+01     0.000000000E+00
      368    -2.781228727E+01    -3.520226062E+01     0.000000000E+00
      369    -3.563543618E+01    -2.359034613E+01     0.000000000E+00
      370    -3.332623527E+01    -2.900436754E+01     5.000000000E+00
      371    -4.198116288E+01    -3.154785260E+01     0.000000000E+00
      372    -4.421519695E+01    -5.464810372E+01     0.000000000E+00
      373    -3.584437973E+01    -5.150875646E+01     0.000000000E+00
      374    -4.149182491E+01    -4.915977266E+01     5.000000000E+00
      375    -4.754660802E+01    -4.715888148E+01     0.000000000E+00
      376    -4.189589992E+01    -6.245855643E+01     0.000000000E+00
      377    -4.693856899E+01    -6.013643477E+01     5.000000000E+00
      378    -5.216199058E+01    -5.805426796E+01     0.000000000E+00
      379    -2.595843537E+01    -1.063096480E+01     0.000000000E+00
      380    -3.313974735E+01    -1.166700196E+01     0.000000000E+00
      381    -2.646187086E+01     3.343178812E+00     0.000000000E+00
      382    -2.833485761E+01    -5.157679194E+00     5.000000000E+00
      383    -2.256488843E+01    -2.578839597E+00     0.000000000E+00
      384    -1.923019686E+01    -2.275501980E+01     0.000000000E+00
      385    -2.358201313E+01    -1.610425040E+01     5.000000000E+00
      386    -2.037935580E+01    -1.396275189E+01     0.000000000E+00
      387    -1.858835994E+01    -3.540297146E+01     0.000000000E+00
      388    -6.243629108E+00    -2.828995252E+01     0.000000000E+00
      389    -1.487838060E+01    -2.940578921E+01     5.000000000E+00
      390    -1.353795898E+01    -2.526627183E+01     0.000000000E+00
      391     2.132152686E+01    -1.789826199E+01     0.000000000E+00
      392     8.501494742E+00    -2.440090057E+01     0.000000000E+00
      393     1.461186710E+01    -2.162768530E+01     5.000000000E+00
      394     1.150466336E+01    -1.808625601E+01     0.000000000E+00
      395     3.665821587E+01    -1.064575275E+01     0.000000000E+00
      396     2.803118662E+01    -1.416883869E+01     5.000000000E+00
      397     2.342852079E+01    -1.156683461E+01     0.000000000E+00
      398     2.292082437E+00     3.031851634E+01     0.000000000E+00
      399     8.158369680E+00     3.182461007E+01     5.000000000E+00
      400     1.313774481E+01     3.777113776E+01     0.000000000E+00
      401     8.277914651E+00     2.318471839E+01     0.000000000E+00
      402    -1.032488613E+01     2.693130250E+01     0.000000000E+00
      403    -8.687161676E+00     3.309180524E+01     0.000000000E+00
      404    -3.574204807E+00     2.881242261E+01     5.000000000E+00
      405    -2.611680652E+00     2.479925326E+01     0.000000000E+00
      406    -2.083222579E+01     1.844710960E+01     0.000000000E+00
      407    -1.707556746E+01     2.505018238E+01     5.000000000E+00
      408    -1.463655241E+01     2.308846841E+01     0.000000000E+00
      409    -3.868857145E+01     7.855696579E+01     0.000000000E+00
      410    -3.416877521E+01     8.116152228E+01     5.000000000E+00
      411    -3.012704242E+01     8.366809882E+01     0.000000000E+00
      412    -3.775426058E+01     8.638203133E+01     0.000000000E+00
      413    -3.977429720E+01     7.083094692E+01     0.000000000E+00
      414    -4.769415801E+01     7.357378476E+01     0.000000000E+00
      415    -4.320836770E+01     7.595240931E+01     5.000000000E+00
      416    -4.660418385E+01     8.127747484E+01     0.000000000E+00
      417     5.255337727E+01    -5.475108299E+00     0.000000000E+00
      418     4.528524513E+01    -7.122666819E+00     5.000000000E+00
      419     6.657230612E+01    -2.861154921E+00     0.000000000E+00
      420     7.992662462E+01    -1.225939845E+00     0.000000000E+00
      421     7.332310284E+01    -1.894760064E+00     5.000000000E+00
      422    -3.276191385E+01     6.081462177E+01     0.000000000E+00
      423    -2.554077153E+01     5.111439990E+01     0.000000000E+00
      424    -2.918360101E+01     5.591975902E+01     5.000000000E+00
      425    -3.634022670E+01     6.570948452E+01     5.000000000E+00
      426    -3.172252072E+01    -6.784699780E+01     0.000000000E+00
      427    -3.042590653E+01    -7.597429138E+01     0.000000000E+00
      428    -2.659181057E+01    -7.091331753E+01     5.000000000E+00
      429    -2.263261315E+01    -7.361227672E+01     0.000000000E+00
      430    -3.352508270E+01    -5.931920917E+01     0.000000000E+00
      431    -3.685323086E+01    -6.478067808E+01     5.000000000E+00
      432    -2.624763691E+01    -4.762894698E+01     0.000000000E+00
      433    -3.019693454E+01    -5.385774026E+01     5.000000000E+00
      434    -2.229833928E+01    -4.140015371E+01     5.000000000E+00
      435     5.982150941E+01    -3.827549778E+00     5.000000000E+00
      436    -1.784903030E+01     4.184011433E+01     0.000000000E+00
      437    -2.189794205E+01     4.630904077E+01     5.000000000E+00
      438    -5.217994833E+01     7.119516020E+01     5.000000000E+00
      439    -5.707347008E+01     6.883417675E+01     0.000000000E+00
      440    -5.542010118E+01     7.639885029E+01     0.000000000E+00
      441     8.653014640E+01    -5.571196258E-01     5.000000000E+00
      442     9.326507320E+01    -2.785598129E-01     0.000000000E+00
      443    -3.974081560E+01    -1.470087743E+01     0.000000000E+00
      444    -4.153699412E+01    -1.122543014E+01     5.000000000E+00
      445    -4.438015292E+01    -1.133723008E+01     0.000000000E+00
      446    -3.794463709E+01    -1.817632472E+01     5.000000000E+00
      447    -4.322536525E+01    -2.050517858E+01     0.000000000E+00
      448    -3.426000248E+01    -8.103526523E+01     5.000000000E+00
      449    -3.017265606E+01    -8.360497029E+01     0.000000000E+00
      450    -3.779987422E+01    -8.631890280E+01     0.000000000E+00
      451    -2.458888412E+01     1.184403682E+01     5.000000000E+00
      452    -2.088279129E+01     1.183264510E+01     0.000000000E+00
      453     2.391122380E+00    -2.717411584E+01     5.000000000E+00
      454     3.709829410E-01    -2.398009988E+01     0.000000000E+00
      455    -1.380011855E+01     3.737118788E+01     5.000000000E+00
      456    -1.784903030E+01     4.184011433E+01     1.000000000E+01
      457    -8.687161676E+00     3.309180524E+01     1.000000000E+01
      458    -1.974607329E+01     3.420398900E+01     1.000000000E+01
      459    -8.223111696E+00     4.066207432E+01     1.000000000E+01
      460     8.501494742E+00    -2.440090057E+01     1.000000000E+01
      461    -6.243629108E+00    -2.828995252E+01     1.000000000E+01
      462     5.970062145E+00    -3.189434234E+01     1.000000000E+01
      463     3.709829410E-01    -2.398009988E+01     1.000000000E+01
      464    -2.083222579E+01     1.844710960E+01     1.000000000E+01
      465    -2.646187086E+01     3.343178812E+00     1.000000000E+01
      466    -2.907900610E+01     1.231345596E+01     1.000000000E+01
      467    -2.088279129E+01     1.183264510E+01     1.000000000E+01
      468    -3.042590653E+01    -7.597429138E+01     1.000000000E+01
      469    -3.889849912E+01    -7.834232777E+01     1.000000000E+01
      470    -3.779987422E+01    -8.631890280E+01     1.000000000E+01
      471    -3.017265606E+01    -8.360497029E+01     1.000000000E+01
      472    -3.974081560E+01    -1.470087743E+01     1.000000000E+01
      473    -3.313974735E+01    -1.166700196E+01     1.000000000E+01
      474    -3.563543618E+01    -2.359034613E+01     1.000000000E+01
      475    -4.322536525E+01    -2.050517858E+01     1.000000000E+01
      476    -3.946091578E+01    -6.548572518E+00     1.000000000E+01
      477    -4.438015292E+01    -1.133723008E+01     1.000000000E+01
      478     7.992662462E+01    -1.225939845E+00     1.000000000E+01
      479     8.665834786E+01     4.378386131E+00     1.000000000E+01
      480     8.677677839E+01    -5.721934865E+00     1.000000000E+01
      481     9.326507320E+01    -2.785598129E-01     1.000000000E+01
      482    -4.769415801E+01     7.357378476E+01     1.000000000E+01
      483    -4.905141896E+01     6.604734362E+01     1.000000000E+01
      484    -5.542010118E+01     7.639885029E+01     1.000000000E+01
      485    -5.707347008E+01     6.883417675E+01     1.000000000E+01
      486    -2.554077153E+01     5.111439990E+01     1.000000000E+01
      487    -2.773868302E+01     4.398147631E+01     1.000000000E+01
      488    -1.611297451E+01     4.954880689E+01     1.000000000E+01
      489     6.657230612E+01    -2.861154921E+00     1.000000000E+01
      490     5.255337727E+01    -5.475108299E+00     1.000000000E+01
      491     6.065157544E+01    -9.382454612E+00     1.000000000E+01
      492     6.022914865E+01     1.714798788E+00     1.000000000E+01
      493    -2.624763691E+01    -4.762894698E+01     1.000000000E+01
      494    -1.858835994E+01    -3.540297146E+01     1.000000000E+01
      495    -2.781228727E+01    -3.520226062E+01     1.000000000E+01
      496    -1.590592183E+01    -4.679446358E+01     1.000000000E+01
      497    -3.352508270E+01    -5.931920917E+01     1.000000000E+01
      498    -3.584437973E+01    -5.150875646E+01     1.000000000E+01
      499    -2.429023544E+01    -5.756429403E+01     1.000000000E+01
      500    -3.172252072E+01    -6.784699780E+01     1.000000000E+01
      501    -4.189589992E+01    -6.245855643E+01     1.000000000E+01
      502    -4.019511331E+01    -7.021503419E+01     1.000000000E+01
      503    -2.248767346E+01    -6.609208267E+01     1.000000000E+01
      504    -2.263261315E+01    -7.361227672E+01     1.000000000E+01
      505    -3.276191385E+01     6.081462177E+01     1.000000000E+01
      506    -3.977429720E+01     7.083094692E+01     1.000000000E+01
      507    -4.113155815E+01     6.330450578E+01     1.000000000E+01
      508    -3.142802358E+01     6.848153189E+01     1.000000000E+01
      509    -3.437487639E+01     5.361189207E+01     1.000000000E+01
      510    -2.381833411E+01     5.888795002E+01     1.000000000E+01
      511     7.376733428E+01    -7.206246430E+00     1.000000000E+01
      512     7.350135176E+01     3.242697630E+00     1.000000000E+01
      513     3.665821587E+01    -1.064575275E+01     1.000000000E+01
      514     4.694477151E+01    -1.277936837E+01     1.000000000E+01
      515     4.619119492E+01    -1.015188345E+00     1.000000000E+01
      516    -3.868857145E+01     7.855696579E+01     1.000000000E+01
      517    -4.660418385E+01     8.127747484E+01     1.000000000E+01
      518    -3.034229784E+01     7.620755077E+01     1.000000000E+01
      519    -3.775426058E+01     8.638203133E+01     1.000000000E+01
      520    -3.012704242E+01     8.366809882E+01     1.000000000E+01
      521    -1.032488613E+01     2.693130250E+01     1.000000000E+01
      522    -2.138379775E+01     2.804348626E+01     1.000000000E+01
      523    -1.463655241E+01     2.308846841E+01     1.000000000E+01
      524     2.292082437E+00     3.031851634E+01     1.000000000E+01
      525    -2.611680652E+00     2.479925326E+01     1.000000000E+01
      526     2.756132418E+00     3.788878542E+01     1.000000000E+01
      527     1.533081256E+01     2.570691629E+01     1.000000000E+01
      528     8.277914651E+00     2.318471839E+01     1.000000000E+01
      529     1.313774481E+01     3.777113776E+01     1.000000000E+01
      530     2.132152686E+01    -1.789826199E+01     1.000000000E+01
      531     3.122645835E+01    -1.895033975E+01     1.000000000E+01
      532     3.104715212E+01    -5.008017006E+00     1.000000000E+01
      533     2.342852079E+01    -1.156683461E+01     1.000000000E+01
      534     1.823057341E+01    -2.566885333E+01     1.000000000E+01
      535     1.150466336E+01    -1.808625601E+01     1.000000000E+01
      536    -1.923019686E+01    -2.275501980E+01     1.000000000E+01
      537    -7.500715797E+00    -3.672326365E+01     1.000000000E+01
      538    -1.353795898E+01    -2.526627183E+01     1.000000000E+01
      539    -2.595843537E+01    -1.063096480E+01     1.000000000E+01
      540    -2.845412420E+01    -2.255430897E+01     1.000000000E+01
      541    -2.037935580E+01    -1.396275189E+01     1.000000000E+01
      542    -3.285984753E+01    -3.514697047E+00     1.000000000E+01
      543    -2.256488843E+01    -2.578839597E+00     1.000000000E+01
      544    -4.421519695E+01    -5.464810372E+01     1.000000000E+01
      545    -4.982791538E+01    -6.549418004E+01     1.000000000E+01
      546    -5.216199058E+01    -5.805426796E+01     1.000000000E+01
      547    -3.740903009E+01    -3.908207010E+01     1.000000000E+01
      548    -4.754660802E+01    -4.715888148E+01     1.000000000E+01
      549    -4.198116288E+01    -3.154785260E+01     1.000000000E+01
      550    -3.547698276E+01     5.455580100E+00     1.000000000E+01
      551    -4.208987834E+01    -9.358574495E-01     1.000000000E+01
      552    -2.963057806E+01     2.190983261E+01     1.000000000E+01
      553    -4.039621990E+01     1.211595256E+01     1.000000000E+01
      554    -2.963572602E+01     3.634535099E+01     1.000000000E+01
      555    -3.709906073E+01     2.693541128E+01     1.000000000E+01
      556    -3.657278788E+01     4.647896849E+01     1.000000000E+01
      557    -4.210775724E+01     3.787262475E+01     1.000000000E+01
      558    -4.274452068E+01     5.610177608E+01     1.000000000E+01
      559    -4.658377144E+01     4.823100771E+01     1.000000000E+01
      560    -5.165415088E+01     5.843581409E+01     1.000000000E+01
      561    -4.812712877E+01    -7.325065781E+01     1.000000000E+01
      562    -4.676849788E+01    -8.112596534E+01     1.000000000E+01
      563    -5.734212681E+01    -6.866255930E+01     1.000000000E+01
      564    -5.568875791E+01    -7.622723284E+01     1.000000000E+01
      565     6.784660360E+01    -1.372754612E+01     1.000000000E+01
      566     8.061748805E+01    -1.170224145E+01     1.000000000E+01
      567     7.481787124E+01    -1.725084918E+01     1.000000000E+01
      568     5.504296968E+01    -1.668671468E+01     1.000000000E+01
      569     6.240863290E+01    -1.969461033E+01     1.000000000E+01
      570     4.151301398E+01    -2.108395537E+01     1.000000000E+01
      571     5.004457616E+01    -2.316027424E+01     1.000000000E+01
      572     2.813550490E+01    -2.672093109E+01     1.000000000E+01
      573     3.718522698E+01    -2.799569831E+01     1.000000000E+01
      574     1.569914081E+01    -3.316229509E+01     1.000000000E+01
      575     2.532566431E+01    -3.362937010E+01     1.000000000E+01
      576     4.712975456E+00    -4.032765346E+01     1.000000000E+01
      577     1.383306093E+01    -4.016611714E+01     1.000000000E+01
      578    -4.818277687E+00    -4.811475577E+01     1.000000000E+01
      579     3.920090947E+00    -4.738356286E+01     1.000000000E+01
      580    -1.394852036E+01    -5.672981063E+01     1.000000000E+01
      581    -5.553632391E+00    -5.535910230E+01     1.000000000E+01
      582    -1.443770777E+01    -6.417351902E+01     1.000000000E+01
      583     8.023307500E+01     8.847023606E+00     1.000000000E+01
      584     9.339327466E+01     9.656945944E+00     1.000000000E+01
      585     8.722933108E+01     1.490534438E+01     1.000000000E+01
      586     8.734776161E+01    -1.569177349E+01     1.000000000E+01
      587     9.351170519E+01    -1.044337505E+01     1.000000000E+01
      588    -2.248444384E+01     6.655486014E+01     1.000000000E+01
      589    -2.259461810E+01     7.378240759E+01     1.000000000E+01
      590    -1.439053709E+01     5.732235701E+01     1.000000000E+01
      591    -1.447247320E+01     6.446616563E+01     1.000000000E+01
      592    -6.487055905E+00     4.837076689E+01     1.000000000E+01
      593    -5.960883686E+00     5.565900207E+01     1.000000000E+01
      594     2.658564024E+00     4.733967420E+01     1.000000000E+01
      595     2.828318652E+01     1.187101359E+01     1.000000000E+01
      596     2.066455520E+01     1.427702652E+01     1.000000000E+01
      597     2.565265217E+01     2.856897067E+01     1.000000000E+01
      598     4.058013116E+01     4.622547403E+00     1.000000000E+01
      599     2.922909617E+01     2.076402338E+00     1.000000000E+01
      600     3.700592075E+01     1.820618024E+01     1.000000000E+01
      601     5.386696630E+01     6.174718742E+00     1.000000000E+01
      602     4.929099957E+01     1.648838435E+01     1.000000000E+01
      603     6.715819429E+01     7.818651340E+00     1.000000000E+01
      604     6.198620611E+01     1.585450428E+01     1.000000000E+01
      605     7.455188872E+01     1.518206044E+01     1.000000000E+01
      606    -5.433012702E+01     8.410254038E+01     1.000000000E+01
      607    -6.299038106E+01     7.910254038E+01     1.000000000E+01
      608    -5.866025404E+01     8.160254038E+01     5.000000000E+00
      609    -4.566987298E+01     8.910254038E+01     1.000000000E+01
      610    -5.000000000E+01     8.660254038E+01     5.000000000E+00
      611    -3.700961894E+01     9.410254038E+01     1.000000000E+01
      612    -4.133974596E+01     9.160254038E+01     5.000000000E+00
      613    -6.874745642E+00     2.246128932E+01     1.000000000E+01
      614    -1.601467434E+01     1.718434903E+01     1.000000000E+01
      615    -1.219753737E+01     2.112675444E+01     5.000000000E+00
      616     3.323772781E+00     1.758436007E+01     1.000000000E+01
      617    -1.649156498E+00     2.078608391E+01     5.000000000E+00
      618     1.356661614E+01     1.167065170E+01     1.000000000E+01
      619     8.397459622E+00     1.454482672E+01     5.000000000E+00
      620     2.288941998E+01     5.276940291E+00     1.000000000E+01
      621     1.882585496E+01     8.964830535E+00     5.000000000E+00
      622     2.288941998E+01    -5.276940291E+00     1.000000000E+01
      623     2.439507473E+01     2.342910729E-14     5.000000000E+00
      624     1.356661614E+01    -1.167065170E+01     1.000000000E+01
      625     1.882585496E+01    -8.964830535E+00     5.000000000E+00
      626     3.323772781E+00    -1.758436007E+01     1.000000000E+01
      627     8.397459622E+00    -1.454482672E+01     5.000000000E+00
      628    -6.874745642E+00    -2.246128932E+01     1.000000000E+01
      629    -1.649156498E+00    -2.078608391E+01     5.000000000E+00
      630    -1.601467434E+01    -1.718434903E+01     1.000000000E+01
      631    -1.219753737E+01    -2.112675444E+01     5.000000000E+00
      632    -1.689038892E+01    -5.913708372E+00     1.000000000E+01
      633    -1.717669847E+01    -1.182125338E+01     5.000000000E+00
      634    -1.689038892E+01     5.913708372E+00     1.000000000E+01
      635    -1.717669847E+01     1.182125338E+01     5.000000000E+00
      636    -1.679491924E+01     1.315511267E-13     5.000000000E+00
      637    -5.957800557E+01    -6.126548988E+01     1.000000000E+01
      638    -6.454902974E+01    -7.158792793E+01     1.000000000E+01
      639    -6.196699183E+01    -6.647319329E+01     5.000000000E+00
      640    -5.539227816E+01    -5.060043036E+01     1.000000000E+01
      641    -5.738541216E+01    -5.597210114E+01     5.000000000E+00
      642    -5.201525578E+01    -3.965239271E+01     1.000000000E+01
      643    -5.360139112E+01    -4.515799030E+01     5.000000000E+00
      644    -4.946582412E+01    -2.848260279E+01     1.000000000E+01
      645    -5.063609048E+01    -3.409133766E+01     5.000000000E+00
      646    -4.775824063E+01    -1.715352660E+01     1.000000000E+01
      647    -4.850609341E+01    -2.283403243E+01     5.000000000E+00
      648    -4.690205482E+01    -5.728520939E+00     1.000000000E+01
      649    -4.722331172E+01    -1.144903002E+01     5.000000000E+00
      650    -4.690205482E+01     5.728520939E+00     1.000000000E+01
      651    -4.679491924E+01    -5.904335882E-14     5.000000000E+00
      652    -4.775824063E+01     1.715352660E+01     1.000000000E+01
      653    -4.722331172E+01     1.144903002E+01     5.000000000E+00
      654    -4.946582412E+01     2.848260279E+01     1.000000000E+01
      655    -4.850609341E+01     2.283403243E+01     5.000000000E+00
      656    -5.201525578E+01     3.965239271E+01     1.000000000E+01
      657    -5.063609048E+01     3.409133766E+01     5.000000000E+00
      658    -5.539227816E+01     5.060043036E+01     1.000000000E+01
      659    -5.360139112E+01     4.515799030E+01     5.000000000E+00
      660    -5.957800557E+01     6.126548988E+01     1.000000000E+01
      661    -5.738541216E+01     5.597210114E+01     5.000000000E+00
      662    -6.454902974E+01     7.158792793E+01     1.000000000E+01
      663    -6.732050808E+01     7.660254038E+01     5.000000000E+00
      664    -6.196699183E+01     6.647319329E+01     5.000000000E+00
      665    -4.566987298E+01    -8.910254038E+01     1.000000000E+01
      666    -3.700961894E+01    -9.410254038E+01     1.000000000E+01
      667    -4.133974596E+01    -9.160254038E+01     5.000000000E+00
      668    -5.433012702E+01    -8.410254038E+01     1.000000000E+01
      669    -5.000000000E+01    -8.660254038E+01     5.000000000E+00
      670    -6.299038106E+01    -7.910254038E+01     1.000000000E+01
      671    -5.866025404E+01    -8.160254038E+01     5.000000000E+00
      672    -6.732050808E+01    -7.660254038E+01     5.000000000E+00
      673     8.153316817E+01    -2.111703753E+01     1.000000000E+01
      674     9.383105339E+01    -2.012424960E+01     1.000000000E+01
      675     8.767211284E+01    -2.049679687E+01     5.000000000E+00
      676     6.935504743E+01    -2.309617479E+01     1.000000000E+01
      677     7.542417676E+01    -2.198396556E+01     5.000000000E+00
      678     5.737567097E+01    -2.604882590E+01     1.000000000E+01
      679     6.333562433E+01    -2.445186121E+01     5.000000000E+00
      680     4.567272964E+01    -2.995584179E+01     1.000000000E+01
      681     5.148485444E+01    -2.788447857E+01     5.000000000E+00
      682     3.432212151E+01    -3.479188396E+01     1.000000000E+01
      683     3.994872388E+01    -3.225955580E+01     5.000000000E+00
      684     2.339745962E+01    -4.052558883E+01     1.000000000E+01
      685     2.880204890E+01    -3.754871884E+01     5.000000000E+00
      686     1.296959460E+01    -4.711977112E+01     1.000000000E+01
      687     1.811711995E+01    -4.371766545E+01     5.000000000E+00
      688     3.106155158E+00    -5.453166503E+01     1.000000000E+01
      689     7.963232893E+00    -5.072638763E+01     5.000000000E+00
      690    -6.128890522E+00    -6.271320157E+01     1.000000000E+01
      691    -1.593760408E+00    -5.852943114E+01     5.000000000E+00
      692    -1.467564962E+01    -7.161132035E+01     1.000000000E+01
      693    -1.049187919E+01    -6.707619024E+01     5.000000000E+00
      694    -2.247869313E+01    -8.116831365E+01     1.000000000E+01
      695    -1.867341573E+01    -7.631123591E+01     5.000000000E+00
      696    -2.948741531E+01    -9.132220070E+01     1.000000000E+01
      697    -3.267949192E+01    -9.660254038E+01     5.000000000E+00
      698    -2.608530964E+01    -8.617467536E+01     5.000000000E+00
      699     1.000000000E+02     5.000000000E+00     1.000000000E+01
      700     1.000000000E+02     1.500000000E+01     1.000000000E+01
      701     1.000000000E+02     1.000000000E+01     5.000000000E+00
      702     1.000000000E+02    -5.000000000E+00     1.000000000E+01
      703     1.000000000E+02     6.938893904E-15     5.000000000E+00
      704     1.000000000E+02    -1.500000000E+01     1.000000000E+01
      705     1.000000000E+02    -1.000000000E+01     5.000000000E+00
      706     1.000000000E+02    -2.000000000E+01     5.000000000E+00
      707    -2.948741531E+01     9.132220070E+01     1.000000000E+01
      708    -3.267949192E+01     9.660254038E+01     5.000000000E+00
      709    -2.247869313E+01     8.116831365E+01     1.000000000E+01
      710    -2.608530964E+01     8.617467536E+01     5.000000000E+00
      711    -1.467564962E+01     7.161132035E+01     1.000000000E+01
      712    -1.867341573E+01     7.631123591E+01     5.000000000E+00
      713    -6.128890522E+00     6.271320157E+01     1.000000000E+01
      714    -1.049187919E+01     6.707619024E+01     5.000000000E+00
      715     3.106155158E+00     5.453166503E+01     1.000000000E+01
      716    -1.593760408E+00     5.852943114E+01     5.000000000E+00
      717     1.296959460E+01     4.711977112E+01     1.000000000E+01
      718     7.963232893E+00     5.072638763E+01     5.000000000E+00
      719     2.339745962E+01     4.052558883E+01     1.000000000E+01
      720     1.811711995E+01     4.371766545E+01     5.000000000E+00
      721     3.432212151E+01     3.479188396E+01     1.000000000E+01
      722     2.880204890E+01     3.754871884E+01     5.000000000E+00
      723     4.567272964E+01     2.995584179E+01     1.000000000E+01
      724     3.994872388E+01     3.225955580E+01     5.000000000E+00
      725     5.737567097E+01     2.604882590E+01     1.000000000E+01
      726     5.148485444E+01     2.788447857E+01     5.000000000E+00
      727     6.935504743E+01     2.309617479E+01     1.000000000E+01
      728     6.333562433E+01     2.445186121E+01     5.000000000E+00
      729     8.153316817E+01     2.111703753E+01     1.000000000E+01
      730     7.542417676E+01     2.198396556E+01     5.000000000E+00
      731     9.383105339E+01     2.012424960E+01     1.000000000E+01
      732     1.000000000E+02     2.000000000E+01     5.000000000E+00
      733     8.767211284E+01     2.049679687E+01     5.000000000E+00
      734    -2.948741531E+01     9.132220070E+01     0.000000000E+00
      735    -2.247869313E+01     8.116831365E+01     0.000000000E+00
      736    -3.700961894E+01     9.410254038E+01     0.000000000E+00
      737    -1.467564962E+01     7.161132035E+01     0.000000000E+00
      738    -6.128890522E+00     6.271320157E+01     0.000000000E+00
      739     3.106155158E+00     5.453166503E+01     0.000000000E+00
      740     1.296959460E+01     4.711977112E+01     0.000000000E+00
      741     2.339745962E+01     4.052558883E+01     0.000000000E+00
      742     3.432212151E+01     3.479188396E+01     0.000000000E+00
      743     4.567272964E+01     2.995584179E+01     0.000000000E+00
      744     5.737567097E+01     2.604882590E+01     0.000000000E+00
      745     6.935504743E+01     2.309617479E+01     0.000000000E+00
      746     8.153316817E+01     2.111703753E+01     0.000000000E+00
      747     9.383105339E+01     2.012424960E+01     0.000000000E+00
      748     1.000000000E+02     1.500000000E+01     0.000000000E+00
      749     1.000000000E+02    -5.000000000E+00     0.000000000E+00
      750     1.000000000E+02    -1.500000000E+01     0.000000000E+00
      751     1.000000000E+02     5.000000000E+00     0.000000000E+00
      752     9.383105339E+01    -2.012424960E+01     0.000000000E+00
      753     8.153316817E+01    -2.111703753E+01     0.000000000E+00
      754     6.935504743E+01    -2.309617479E+01     0.000000000E+00
      755     5.737567097E+01    -2.604882590E+01     0.000000000E+00
      756     4.567272964E+01    -2.995584179E+01     0.000000000E+00
      757     3.432212151E+01    -3.479188396E+01     0.000000000E+00
      758     2.339745962E+01    -4.052558883E+01     0.000000000E+00
      759     1.296959460E+01    -4.711977112E+01     0.000000000E+00
      760     3.106155158E+00    -5.453166503E+01     0.000000000E+00
      761    -6.128890522E+00    -6.271320157E+01     0.000000000E+00
      762    -1.467564962E+01    -7.161132035E+01     0.000000000E+00
      763    -2.247869313E+01    -8.116831365E+01     0.000000000E+00
      764    -2.948741531E+01    -9.132220070E+01     0.000000000E+00
      765    -3.700961894E+01    -9.410254038E+01     0.000000000E+00
      766    -5.433012702E+01    -8.410254038E+01     0.000000000E+00
      767    -6.299038106E+01    -7.910254038E+01     0.000000000E+00
      768    -4.566987298E+01    -8.910254038E+01     0.000000000E+00
      769    -6.454902974E+01    -7.158792793E+01     0.000000000E+00
      770    -5.957800557E+01    -6.126548988E+01     0.000000000E+00
      771    -5.539227816E+01    -5.060043036E+01     0.000000000E+00
      772    -5.201525578E+01    -3.965239271E+01     0.000000000E+00
      773    -4.946582412E+01    -2.848260279E+01     0.000000000E+00
      774    -4.775824063E+01    -1.715352660E+01     0.000000000E+00
      775    -4.690205482E+01    -5.728520939E+00     0.000000000E+00
      776    -4.690205482E+01     5.728520939E+00     0.000000000E+00
      777    -4.775824063E+01     1.715352660E+01     0.000000000E+00
      778    -4.946582412E+01     2.848260279E+01     0.000000000E+00
      779    -5.201525578E+01     3.965239271E+01     0.000000000E+00
      780    -5.539227816E+01     5.060043036E+01     0.000000000E+00
      781    -5.957800557E+01     6.126548988E+01     0.000000000E+00
      782    -6.454902974E+01     7.158792793E+01     0.000000000E+00
      783    -6.299038106E+01     7.910254038E+01     0.000000000E+00
      784    -1.689038892E+01    -5.913708372E+00     0.000000000E+00
      785    -1.689038892E+01     5.913708372E+00     0.000000000E+00
      786    -1.601467434E+01    -1.718434903E+01     0.000000000E+00
      787    -1.601467434E+01     1.718434903E+01     0.000000000E+00
      788    -6.874745642E+00    -2.246128932E+01     0.000000000E+00
      789     3.323772781E+00    -1.758436007E+01     0.000000000E+00
      790     1.356661614E+01    -1.167065170E+01     0.000000000E+00
      791     2.288941998E+01    -5.276940291E+00     0.000000000E+00
      792     2.288941998E+01     5.276940291E+00     0.000000000E+00
      793     1.356661614E+01     1.167065170E+01     0.000000000E+00
      794     3.323772781E+00     1.758436007E+01     0.000000000E+00
      795    -6.874745642E+00     2.246128932E+01     0.000000000E+00
      796    -4.566987298E+01     8.910254038E+01     0.000000000E+00
      797    -5.433012702E+01     8.410254038E+01     0.000000000E+00
-1
/wb,elem,start            !  set before creation of elements
/com,*********** Elements for Body 1 'Solid' ***********
et,1,186
keyo,1,2,1          ! set full integration on SOLID186
MAT,1 $ TYPE,1 $ REAL,1 $ SECNUM,1 $ ESYS,0
eblock,11,COMPACT,,91
(11i9)
        1       25       26       59       51       94       93       60       68      349      355
      436      350      554      458      456      487      351      356      455      437
        2       26       39       38       59       93       80       81       60      354      402
      403      355      522      521      457      458      356      407      404      455
        3        4      239      238       36      115      126      127       83      264      791
      397      261      599      622      533      532      262      623      625      396
        4        3        4       36       42      116      115       83       77      256      261
      395      257      598      532      513      515      258      262      396      418
        5       28       54       55       32       91       65       64       87      363      443
      380      362      476      472      473      542      364      444      446      382
        6       27       28       32       57       92       91       87       62      358      362
      381      359      550      542      465      466      360      364      382      451
        7       26       27       57       39       93       92       62       80      353      359
      406      354      552      466      464      522      356      360      451      407
        8        6        7       51       59      113      112       68       60      269      275
      436      271      592      488      456      459      272      276      437      455
        9        7        8       44       51      112      111       75       68      274      279
      423      275      590      510      486      488      276      280      424      437
       10       24       25       51       44       95       94       68       75      345      350
      423      346      556      487      486      509      347      351      437      424
       11       23       24       44       45       96       95       75       74      340      346
      422      341      558      509      505      507      343      347      424      425
       12        8        9       45       44      111      110       74       75      278      283
      422      279      588      508      505      510      280      284      425      424
       13       29       33       32       55       90       86       87       64      367      379
      380      369      540      539      473      474      370      385      382      446
       14       29       49       34       33       90       70       85       86      368      387
      384      367      495      494      536      540      370      434      389      385
       15       29       30       48       49       90       89       71       70      366      373
      432      368      547      498      493      495      370      374      433      434
       16       30       31       47       48       89       88       72       71      372      376
      430      373      544      501      497      498      374      377      431      433
       17       12       48       47       46      107       71       72       73      297      430
      426      296      499      497      500      503      298      433      431      428
       18       12       13       49       48      107      106       70       71      295      301
      432      297      580      496      493      499      298      302      434      433
       19       13       14       34       49      106      105       85       70      300      305
      387      301      578      537      494      496      302      306      389      434
       20       14       15       58       34      105      104       61       85      304      309
      388      305      576      462      461      537      306      310      453      389
       21       15       16       35       58      104      103       84       61      308      313
      392      309      574      534      460      462      310      314      393      453
       22       16       17       36       35      103      102       83       84      312      317
      391      313      572      531      530      534      314      318      396      393
       23       17       18       42       36      102      101       77       83      316      321
      395      317      570      514      513      531      318      322      418      396
       24       18       19       50       42      101      100       69       77      320      325
      417      321      568      491      490      514      322      326      435      418
       25       19       20       43       50      100       99       76       69      324      328
      419      325      565      511      489      491      326      329      421      435
       26        1        2       50       43      118      117       69       76      247      253
      419      249      603      492      489      512      250      254      435      421
       27        2        3       42       50      117      116       77       69      252      257
      417      253      601      515      490      492      254      258      418      435
       28       22       56       46       47       97       63       73       72      337      427
      426      336      469      468      500      502      338      448      428      431
       29       21       22       47       31       98       97       72       88      331      336
      376      332      561      502      501      545      333      338      431      377
       30       23       45       41       52       96       74       78       67      341      413
      414      342      507      506      482      483      343      425      415      438
       31        9       40       41       45      110       79       78       74      282      409
      413      283      518      516      506      508      284      410      415      425
       32       10       53       43       20      109       66       76       99      287      420
      328      286      480      478      511      566      288      441      421      329
       33        1       43       53       11      118       76       66      108      249      420
      291      248      512      478      479      583      250      421      441      292
       34        6       59       38       37      113       60       81       82      271      403
      398      270      459      457      524      526      272      455      404      399
       35       35       36      238      237       84       83      127      128      391      397
      790      394      530      533      624      535      393      396      625      627
       36       35      237      236       58       84      128      129       61      394      789
      454      392      535      626      463      460      393      627      629      453
       37       34       58      236      235       85       61      129      130      388      454
      788      390      461      463      628      538      389      453      629      631
       38       33       34      235      233       86       85      130      131      384      390
      786      386      536      538      630      541      385      389      631      633
       39       32       33      233      232       87       86      131      133      379      386
      784      383      539      541      632      543      382      385      633      636
       40       32      232      234       57       87      133      132       62      383      785
      452      381      543      634      467      465      382      636      635      451
       41        4        5      240      239      115      114      125      126      260      268
      792      264      595      596      620      599      262      266      621      623
       42        5       37      241      240      114       82      124      125      265      401
      793      268      527      528      618      596      266      399      619      621
       43       37       38      242      241       82       81      123      124      398      405
      794      401      524      525      616      528      399      404      617      619
       44       38       39      243      242       81       80      122      123      402      408
      795      405      521      523      613      525      404      407      615      617
       45       39       57      234      243       80       62      132      122      406      452
      787      408      464      467      614      523      407      451      635      615
       46       10       20      202      201      109       99      153      152      286      330
      753      290      566      567      673      586      288      329      677      675
       47       19      203      202       20      100      154      153       99      327      754
      330      324      569      676      567      565      326      679      677      329
       48       18      204      203       19      101      155      154      100      323      755
      327      320      571      678      569      568      322      681      679      326
       49       17      205      204       18      102      156      155      101      319      756
      323      316      573      680      571      570      318      683      681      322
       50       16      206      205       17      103      157      156      102      315      757
      319      312      575      682      573      572      314      685      683      318
       51       15      207      206       16      104      158      157      103      311      758
      315      308      577      684      575      574      310      687      685      314
       52       14      208      207       15      105      159      158      104      307      759
      311      304      579      686      577      576      306      689      687      310
       53       13      209      208       14      106      160      159      105      303      760
      307      300      581      688      579      578      302      691      689      306
       54       12      210      209       13      107      161      160      106      299      761
      303      295      582      690      581      580      298      693      691      302
       55       12       46      211      210      107       73      162      161      296      429
      762      299      503      504      692      582      298      428      695      693
       56       46       56      212      211       73       63      164      162      427      449
      763      429      468      471      694      504      428      448      698      695
       57       56      216      213      212       63      148      163      164      450      765
      764      449      470      666      696      471      448      667      697      698
       58       22      215      216       56       97      149      148       63      339      768
      450      337      562      665      470      469      338      669      667      448
       59       21      214      215       22       98      150      149       97      334      766
      339      331      564      668      562      561      333      671      669      338
       60       21      218      217      214       98      134      151      150      335      769
      767      334      563      638      670      564      333      639      672      671
       61       21       31      219      218       98       88      135      134      332      378
      770      335      545      546      637      563      333      377      641      639
       62       30      220      219       31       89      136      135       88      375      771
      378      372      548      640      546      544      374      643      641      377
       63       29      221      220       30       90      137      136       89      371      772
      375      366      549      642      548      547      370      645      643      374
       64       29       55      222      221       90       64      138      137      369      447
      773      371      474      475      644      549      370      446      647      645
       65       54      223      222       55       65      139      138       64      445      774
      447      443      477      646      475      472      444      649      647      446
       66       28      224      223       54       91      140      139       65      365      775
      445      363      551      648      477      476      364      651      649      444
       67       27      225      224       28       92      141      140       91      361      776
      365      358      553      650      551      550      360      653      651      364
       68       26      226      225       27       93      142      141       92      357      777
      361      353      555      652      553      552      356      655      653      360
       69       25      227      226       26       94      143      142       93      352      778
      357      349      557      654      555      554      351      657      655      356
       70       24      228      227       25       95      144      143       94      348      779
      352      345      559      656      557      556      347      659      657      351
       71       23      229      228       24       96      145      144       95      344      780
      348      340      560      658      559      558      343      661      659      347
       72       23       52      230      229       96       67      147      145      342      439
      781      344      483      485      660      560      343      438      664      661
       73        9      185      183       40      110      171      170       79      285      735
      411      282      589      709      520      518      284      712      710      410
       74        8      186      185        9      111      172      171      110      281      737
      285      278      591      711      589      588      280      714      712      284
       75        7      187      186        8      112      173      172      111      277      738
      281      274      593      713      591      590      276      716      714      280
       76        6      188      187        7      113      174      173      112      273      739
      277      269      594      715      593      592      272      718      716      276
       77        6       37      189      188      113       82      175      174      270      400
      740      273      526      529      717      594      272      399      720      718
       78        5      190      189       37      114      176      175       82      267      741
      400      265      597      719      529      527      266      722      720      399
       79        4      191      190        5      115      177      176      114      263      742
      267      260      600      721      597      595      262      724      722      266
       80        3      192      191        4      116      178      177      115      259      743
      263      256      602      723      600      598      258      726      724      262
       81        2      193      192        3      117      179      178      116      255      744
      259      252      604      725      602      601      254      728      726      258
       82        1      194      193        2      118      180      179      117      251      745
      255      247      605      727      604      603      250      730      728      254
       83        1       11      195      194      118      108      182      180      248      293
      746      251      583      585      729      605      250      292      733      730
       84       11       53      198      199      108       66      166      165      291      442
      751      294      479      481      699      584      292      441      703      701
       85       10      197      198       53      109      167      166       66      289      749
      442      287      587      702      481      480      288      705      703      441
       86       10      201      200      197      109      152      168      167      290      752
      750      289      586      674      704      587      288      675      706      705
       87       11      199      196      195      108      165      181      182      294      748
      747      293      584      700      731      585      292      701      732      733
       88       52      246      231      230       67      119      146      147      440      783
      782      439      484      607      662      485      438      608      663      664
       89       41      245      246       52       78      120      119       67      416      797
      440      414      517      606      484      482      415      610      608      438
       90       40      244      245       41       79      121      120       78      412      796
      416      409      519      609      517      516      410      612      610      415
       91       40      183      184      244       79      170      169      121      411      734
      736      412      520      707      611      519      410      710      708      612
-1
secnum,1    ! reset the section ID to default
! Material Id = {57D21C48-C4AF-4BF7-AC59-68930AEC3BFA}
/wb,elem,end               !  done creating elements
toffst,273.15,      ! Temperature offset from absolute zero
/com,*********** Set Reference Temperature ***********
tref,22.
/wb,mat,start              !  starting to send materials
/com,*********** Send Materials ***********
Temperature = 'TEMP' ! Temperature
MP,DENS,1,7.85e-09,	! tonne mm^-3
MP,ALPX,1,1.2e-05,	! C^-1
MP,C,1,434000000,	! mm^2 s^-2 C^-1
MP,KXX,1,60.5,	! tonne mm s^-3 C^-1
MP,RSVX,1,0.00017,	! ohm mm
MP,EX,1,200000,	! tonne s^-2 mm^-1
MP,NUXY,1,0.3,
MP,MURX,1,10000,
MP,UVID,1,7164df14-fc1e-4ff0-97e6-e499259a224b
MP,UMID,1,59002a79-71c2-428e-906b-55d7dbee100e

/wb,mat,end                !  done sending materials
!************************* Model Summary ********************
!Solid,	Structural Steel,	matid,	1
!************************* End Model Summary ********************
! get the diagonal of the bounding box. Needed later for other things
*get,_xmin,node,,mnloc,x
*get,_ymin,node,,mnloc,y
*get,_zmin,node,,mnloc,z
*get,_xmax,node,,mxloc,x
*get,_ymax,node,,mxloc,y
*get,_zmax,node,,mxloc,z
_ASMDIAG=(_xmax-_xmin)*(_xmax-_xmin)+(_ymax-_ymin)*(_ymax-_ymin)+(_zmax-_zmin)*(_zmax-_zmin)
_ASMDIAG=SQRT(_ASMDIAG)
/wb,contact,start          !  starting to send contact
/wb,contact,end            !  done creating contacts
/golist
/wb,load,start             !  starting to send loads
/com,*********** Define Force Using Surface Effect Elements ***********
local,12,0,0.,0.,0.,0.,0.,0.
csys,0
et,2,154
MAT,2 $ TYPE,2 $ REAL,2 $ SECNUM,2 $ ESYS,12
eblock,11,COMPACT,,4
(11i9)
      338      200      197      167      168      750      705      704      706
      339      197      198      166      167      749      703      702      705
      340      198      199      165      166      751      701      699      703
      341      199      196      181      165      748      732      700      701
-1
secnum,1    ! reset the section ID to default
esel,s,type,,2
keyop,2,2,1         ! Apply load in local coordinate system
keyop,2,7,1         ! Use original area so load is constant in large deformation
esel,all
/com,*********** Define Force Using Surface Effect Elements ***********
local,13,0,0.,0.,0.,0.,0.,0.
csys,0
et,3,154
MAT,3 $ TYPE,3 $ REAL,3 $ SECNUM,3 $ ESYS,13
eblock,11,COMPACT,,4
(11i9)
      342      148      216      213      163      667      765      697      666
      343      149      215      216      148      669      768      667      665
      344      150      214      215      149      671      766      669      668
      345      151      217      214      150      672      767      671      670
-1
secnum,1    ! reset the section ID to default
esel,s,type,,3
keyop,3,2,1         ! Apply load in local coordinate system
keyop,3,7,1         ! Use original area so load is constant in large deformation
esel,all
/com,*********** Define Force Using Surface Effect Elements ***********
local,14,0,0.,0.,0.,0.,0.,0.
csys,0
et,4,154
MAT,4 $ TYPE,4 $ REAL,4 $ SECNUM,4 $ ESYS,14
eblock,11,COMPACT,,4
(11i9)
      346      244      121      169      184      612      611      708      736
      347      245      120      121      244      610      609      612      796
      348      246      119      120      245      608      606      610      797
      349      231      146      119      246      663      607      608      783
-1
secnum,1    ! reset the section ID to default
esel,s,type,,4
keyop,4,2,1         ! Apply load in local coordinate system
keyop,4,7,1         ! Use original area so load is constant in large deformation
esel,all
et,5,14   ! spring element type
/com,*********** Construct Weak Springs, Prototype 1 ***********
*set,_delta,12.7890924450263
type,5
mat,6
real,6
r,6,2.29674942196124e-003
nsel,all
*get,_nspr,ndmx
_nspr=_nspr+1
esel,s,type,,1
nsle,s,active
*get,_minx,node,0,mnloc,x
*get,_miny,node,0,mnloc,y
*get,_minz,node,0,mnloc,z
*get,_maxx,node,0,mxloc,x
*get,_maxy,node,0,mxloc,y
*get,_maxz,node,0,mxloc,z
*dim,_ntets,arra,8
_ntets(1) = NODE(_minx,_miny,_minz)
_ntets(2) = NODE(_minx,_miny,_maxz)
_ntets(3) = NODE(_minx,_maxy,_minz)
_ntets(4) = NODE(_minx,_maxy,_maxz)
_ntets(5) = NODE(_maxx,_miny,_minz)
_ntets(6) = NODE(_maxx,_miny,_maxz)
_ntets(7) = NODE(_maxx,_maxy,_minz)
_ntets(8) = NODE(_maxx,_maxy,_maxz)
*do,_i,1,8
  n,_nspr,nx(_ntets(_i))+_delta,ny(_ntets(_i)),nz(_ntets(_i))
  e,_ntets(_i),_nspr
  d,_nspr,all
  _nspr=_nspr+1
  n,_nspr,nx(_ntets(_i)),ny(_ntets(_i))+_delta,nz(_ntets(_i))
  e,_ntets(_i),_nspr
  d,_nspr,all
  _nspr=_nspr+1
  n,_nspr,nx(_ntets(_i)),ny(_ntets(_i)),nz(_ntets(_i))+_delta
  e,_ntets(_i),_nspr
  d,_nspr,all
  _nspr=_nspr+1
*enddo
*set,_ntets
nsel,all
esel,all
/gst,on,on
fini
*get,_numnode,node,0,count
*get,_numelem,elem,0,count
*get, _MAXELEMNUM, elem, 0, NUM, MAX
*get, _MAXNODENUM, node, 0, NUM, MAX
*get, _MAXELEMTYPE, etyp, 0, NUM, MAX
*get, _MAXREALCONST, rcon, 0, NUM, MAX
/go
/wb,load,end               !  done creating loads
/com,--- Number of total nodes = %_numnode%
/com,--- Number of contact elements = 12
/com,--- Number of spring elements = 24
/com,--- Number of bearing elements = 0
/com,--- Number of solid elements = 91
/com,--- Number of condensed parts = 0
/com,--- Number of total elements = %_numelem%
*get,_wallbsol,active,,time,wall
/com,****************************************************************************
/com,*************************    SOLUTION       ********************************
/com,****************************************************************************
/solu
antype,0                   ! static analysis
_thickRatio=  0     ! Ratio of thick parts in the model
eqsl,sparse,,,,,1
cntr,print,1               ! print out contact info and also make no initial contact an error
cncheck,dmp		!	Enable program controlled contact splitting for distributed memory parallel run
dmpoption,emat,no             ! Don't combine emat file for DANSYS
dmpoption,esav,no             ! Don't combine esav file for DANSYS
nldiag,cont,iter           ! print out contact info each equilibrium iteration
rescontrol,,none                 ! Do not keep any restart files
/com,****************************************************
/com,******************* SOLVE FOR LS 1 OF 1 ****************
esel,s,type,,2
nsle
sfe,all,1,pres,1,0.125000000000009
sfe,all,2,pres,1,-4.33680868994234e-017
sfe,all,3,pres,1,0.
esel,s,type,,3
nsle
sfe,all,1,pres,1,-6.25000000000045e-002
sfe,all,2,pres,1,-0.108253173530109
sfe,all,3,pres,1,0.
esel,s,type,,4
nsle
sfe,all,1,pres,1,-6.25000000000044e-002
sfe,all,2,pres,1,0.108253173530109
sfe,all,3,pres,1,0.
nsel,all
esel,all
/nopr
/gopr
nsub,1,1,1
time,1.
outres,erase
outres,all,none
outres,nsol,all,
outres,rsol,all
outres,eangl,all
outres,etmp,all
outres,veng,all
outres,strs,all,
outres,epel,all,
outres,eppl,all,
outres,cont,all,
! *********** WB SOLVE COMMAND ***********
! check interactive state
*get,ANSINTER_,active,,int
*if,ANSINTER_,ne,0,then
/eof
*endif
solve
/com *************** Write FE CONNECTORS ********* 
CEWRITE,file,ce,,INTE
/com,****************************************************
/com,*************** FINISHED SOLVE FOR LS 1 *************
*get,_wallasol,active,,time,wall
/nopr
*get,_numnode,node,0,count
*get,_numelem,elem,0,count
*get, _MAXELEMNUM, elem, 0, NUM, MAX
*get, _MAXNODENUM, node, 0, NUM, MAX,,,INTERNAL
*get, _MAXELEMTYPE, etyp, 0, NUM, MAX
*get, _MAXREALCONST, rcon, 0, NUM, MAX
*get,_NSOLTHREADS,active,0,ntfs
*get,_NSOLPROCESSES,active,0,npfs
/gopr
/post1
xmlo,ENCODING,ISO-8859-1
xmlo,parm
/xml,parm,xml
fini
/gopr
*get,_walldone,active,,time,wall
_preptime=(_wallbsol-_wallstrt)*3600
_solvtime=(_wallasol-_wallbsol)*3600
_posttime=(_walldone-_wallasol)*3600
_totaltim=(_walldone-_wallstrt)*3600
*get,_dlbratio,active,0,solu,dlbr
*get,_combtime,active,0,solu,comb
*get,_ssmode,active,0,solu,ssmm
*get,_ndofs,active,0,solu,ndof
*get,_sol_end_time,active,0,set,time
*if,_sol_end_time,eq,1.000000,then
/fclean				!clean distributed files
*endif
/com,--- Total number of nodes = %_numnode%
/com,--- Total number of elements = %_numelem%
/com,--- Element load balance ratio = %_dlbratio%
/com,--- Time to combine distributed files = %_combtime%
/com,--- Sparse memory mode = %_ssmode%
/com,--- Number of DOF = %_ndofs%
/wb,file,end               ! done with WB generated input
